Coeficiente de Pearson:
y1: 0.999998
y2: 0.968306
y3: -0.0053726

Parámetros lineales:
y1: 2.88176 + 2.00011 * x
y2: -166163 + 1001 * x
y3: -0.055292 + -4.51246e-05 * x

y1_pred        residuales1    y2_pred        residuales2    y3_pred        residuales3    
2.88176        -0.28176       -166163.04695  166149.54695   -0.05529       1.05529        
202.89314      -1.89314       -66063.25923   76276.05923    -0.05980       -0.12732       
402.90452      -0.10452       34036.52849    6358.87151     -0.06432       -2.05478       
602.91590      1.88410        134136.31620   -43521.21620   -0.06883       -2.87580       
802.92728      1.07272        234236.10392   -73442.70392   -0.07334       -1.94655       
1002.93866     1.26134        334335.89164   -83334.19164   -0.07785       -4.03373       
1202.95004     -1.55004       434435.67936   -73235.57936   -0.08237       -1.91690       
1402.96142     -1.76142       534535.46707   -43118.06707   -0.08688       -2.18992       
1602.97279     1.82721        634635.25479   6983.74521     -0.09139       -3.86137       
1802.98417     -1.58417       734735.04251   77086.25749    -0.09590       -3.75395       
Parámetros lineales después de normalizar los datos:
y1: -0.00000 + 1.00000 * x
y2: -0.00000 + 0.96831 * x
y3: -0.00000 + -0.00537 * x

y1_pred        residuales1    y2_pred        residuales2    y3_pred        residuales3    
-1.73032       -0.00049       -1.67548       0.55676        0.00930        0.43525        
-1.38391       -0.00328       -1.34005       0.25560        0.00744        -0.05251       
-1.03750       -0.00018       -1.00462       0.02131        0.00557        -0.84748       
-0.69109       0.00326        -0.66919       -0.14584       0.00371        -1.18610       
-0.34468       0.00186        -0.33375       -0.24610       0.00185        -0.80284       
0.00173        0.00218        0.00168        -0.27925       -0.00001       -1.66367       
0.34814        -0.00268       0.33711        -0.24541       -0.00187       -0.79061       
0.69455        -0.00305       0.67254        -0.14449       -0.00373       -0.90321       
1.04096        0.00316        1.00797        0.02340        -0.00559       -1.59259       
1.38737        -0.00274       1.34340        0.25831        -0.00745       -1.54828       
